           5           5           5           5   1.5000000000000000       0.97999999999999998       0.94999999999999996     
           0           0           0           0   0.0000000000000000        0.0000000000000000        0.0000000000000000     
           5           5           5           5   1.5000000000000000       0.97999999999999998       0.94999999999999996     
           5           5           5           5   1.5000000000000000       0.98999999999999999       0.97499999999999998     
           0           0           0           0   0.0000000000000000        0.0000000000000000        0.0000000000000000     
           5           5           5           5   1.5000000000000000       0.97999999999999998       0.94999999999999996     
           5           5           5           5   1.5000000000000000       0.98999999999999999       0.97499999999999998     
           0           0           0           0   0.0000000000000000        0.0000000000000000        0.0000000000000000     
           5           5           5           5   1.5000000000000000       0.97999999999999998       0.94999999999999996     
           5           5           5           5   1.5000000000000000       0.98999999999999999       0.97499999999999998     
           0           0           0           0   0.0000000000000000        0.0000000000000000        0.0000000000000000     
           5           5           5           5   1.5000000000000000       0.97999999999999998       0.94999999999999996     
           5           5           5           5   1.5000000000000000       0.98999999999999999       0.97499999999999998     
           0           0           0           0   0.0000000000000000        0.0000000000000000        0.0000000000000000     
           5           5           5           5   1.5000000000000000       0.97999999999999998       0.94999999999999996     
           5           5           5           5   1.5000000000000000       0.98999999999999999       0.97499999999999998     
           0           0           0           0   0.0000000000000000        0.0000000000000000        0.0000000000000000     
           5           5           5           5   1.5000000000000000       0.97999999999999998       0.94999999999999996     
           5           5           5           5   1.5000000000000000       0.98999999999999999       0.97499999999999998     
           0           0           0           0   0.0000000000000000        0.0000000000000000        0.0000000000000000     
           5           5           5           5   1.5000000000000000       0.97999999999999998       0.94999999999999996     
           5           5           5           5   1.5000000000000000       0.98999999999999999       0.97499999999999998     
           0           0           0           0   0.0000000000000000        0.0000000000000000        0.0000000000000000     
           5           5           5           5   1.5000000000000000       0.97999999999999998       0.94999999999999996     
           5           5           5           5   1.5000000000000000       0.98999999999999999       0.97499999999999998     
           0           0           0           0   0.0000000000000000        0.0000000000000000        0.0000000000000000     
           5           5           5           5  0.35560000000000003        2.0000000000000000E-002   5.0000000000000003E-002
           5           5           5           5  0.35560000000000003       0.97999999999999998       0.94999999999999996     
           0           0           0           0   0.0000000000000000        0.0000000000000000        0.0000000000000000     
           5           5           5           5  0.35560000000000003       0.97999999999999998       0.94999999999999996     
           0           0           0           0   0.0000000000000000        0.0000000000000000        0.0000000000000000     
           5           5           5           5   1.2000000000000000       0.97999999999999998       0.94999999999999996     
           5           5           5           5   1.2000000000000000       0.97999999999999998       0.94999999999999996     
           0           0           0           0   0.0000000000000000        0.0000000000000000        0.0000000000000000     
           5           5           5           5   1.0000000000000000        2.0000000000000000       0.97999999999999998     
           0           0           0           0   0.0000000000000000        0.0000000000000000        0.0000000000000000     
           5           5           5           5   1.2000000000000000       0.97999999999999998       0.94999999999999996     
           0           0           0           0   0.0000000000000000        0.0000000000000000        0.0000000000000000     
           5           5           5           5   1.0000000000000000        2.0000000000000000       0.97999999999999998     
           0           0           0           0   0.0000000000000000        0.0000000000000000        0.0000000000000000     
           5           5           5           5   1.2000000000000000       0.97999999999999998       0.94999999999999996     
           0           0           0           0   0.0000000000000000        0.0000000000000000        0.0000000000000000     
           5           5           5           5   1.2000000000000000       0.97999999999999998       0.94999999999999996     
           0           0           0           0   0.0000000000000000        0.0000000000000000        0.0000000000000000     
           5           5           5           5   1.2000000000000000       0.97999999999999998       0.94999999999999996     
           0           0           0           0   0.0000000000000000        0.0000000000000000        0.0000000000000000     
           5           5           5           5   1.2000000000000000       0.97999999999999998       0.94999999999999996     
           0           0           0           0   0.0000000000000000        0.0000000000000000        0.0000000000000000     
           5           5           5           5   1.2000000000000000       0.97999999999999998       0.94999999999999996     
           0           0           0           0   0.0000000000000000        0.0000000000000000        0.0000000000000000     
           5           5           5           5   1.2000000000000000       0.97999999999999998       0.94999999999999996     
           0           0           0           0   0.0000000000000000        0.0000000000000000        0.0000000000000000     
           5           5           5           5   1.2000000000000000       0.97999999999999998       0.94999999999999996     
           0           0           0           0   0.0000000000000000        0.0000000000000000        0.0000000000000000     
           5           5           5           5   1.2000000000000000       0.97999999999999998       0.94999999999999996     
           0           0           0           0   0.0000000000000000        0.0000000000000000        0.0000000000000000     
           5           5           5           5   1.2000000000000000       0.97999999999999998       0.94999999999999996     
           5           5           5           5   1.2000000000000000       0.98999999999999999       0.97499999999999998     
           0           0           0           0   0.0000000000000000        0.0000000000000000        0.0000000000000000     
           5           5           5           5   1.2000000000000000       0.97999999999999998       0.94999999999999996     
           0           0           0           0   0.0000000000000000        0.0000000000000000        0.0000000000000000     
           5           5           5           5   1.2000000000000000       0.97999999999999998       0.94999999999999996     
           5           5           5           5   1.2000000000000000       0.98999999999999999       0.97499999999999998     
           0           0           0           0   0.0000000000000000        0.0000000000000000        0.0000000000000000     
           5           5           5           5   1.2000000000000000       0.97999999999999998       0.94999999999999996     
           0           0           0           0   0.0000000000000000        0.0000000000000000        0.0000000000000000     
           5           5           5           5   1.2000000000000000       0.97999999999999998       0.94999999999999996     
           5           5           5           5   1.2000000000000000       0.98999999999999999       0.97499999999999998     
           0           0           0           0   0.0000000000000000        0.0000000000000000        0.0000000000000000     
           5           5           5           5   1.2000000000000000       0.97999999999999998       0.94999999999999996     
           0           0           0           0   0.0000000000000000        0.0000000000000000        0.0000000000000000     
           5           5           5           5   1.2000000000000000       0.97999999999999998       0.94999999999999996     
           5           5           5           5   1.2000000000000000       0.98999999999999999       0.97499999999999998     
           0           0           0           0   0.0000000000000000        0.0000000000000000        0.0000000000000000     
           5           5           5           5   1.2000000000000000       0.97999999999999998       0.94999999999999996     
           0           0           0           0   0.0000000000000000        0.0000000000000000        0.0000000000000000     
           5           5           5           5   1.2000000000000000       0.97999999999999998       0.94999999999999996     
           5           5           5           5   1.2000000000000000       0.98999999999999999       0.97499999999999998     
           0           0           0           0   0.0000000000000000        0.0000000000000000        0.0000000000000000     
           5           5           5           5   1.2000000000000000       0.97999999999999998       0.94999999999999996     
           0           0           0           0   0.0000000000000000        0.0000000000000000        0.0000000000000000     
           5           5           5           5   1.2000000000000000       0.97999999999999998       0.94999999999999996     
           5           5           5           5   1.2000000000000000       0.98999999999999999       0.97499999999999998     
           0           0           0           0   0.0000000000000000        0.0000000000000000        0.0000000000000000     
           5           5           5           5   1.2000000000000000       0.97999999999999998       0.94999999999999996     
           0           0           0           0   0.0000000000000000        0.0000000000000000        0.0000000000000000     
           5           5           5           5   1.2000000000000000       0.97999999999999998       0.94999999999999996     
           5           5           5           5   1.2000000000000000       0.98999999999999999       0.97499999999999998     
           0           0           0           0   0.0000000000000000        0.0000000000000000        0.0000000000000000     
           5           5           5           5   1.2000000000000000       0.97999999999999998       0.94999999999999996     
           0           0           0           0   0.0000000000000000        0.0000000000000000        0.0000000000000000     
           5           5           5           5   1.2000000000000000       0.97999999999999998       0.94999999999999996     
           5           5           5           5   1.2000000000000000       0.98999999999999999       0.97499999999999998     
           0           0           0           0   0.0000000000000000        0.0000000000000000        0.0000000000000000     
           5           5           5           5   1.2000000000000000       0.97999999999999998       0.94999999999999996     
           0           0           0           0   0.0000000000000000        0.0000000000000000        0.0000000000000000     
           5           5           5           5   1.2000000000000000       0.97999999999999998       0.94999999999999996     
           5           5           5           5   1.2000000000000000       0.98999999999999999       0.97499999999999998     
           0           0           0           0   0.0000000000000000        0.0000000000000000        0.0000000000000000     
           5           5           5           5   1.2000000000000000       0.97999999999999998       0.94999999999999996     
           0           0           0           0   0.0000000000000000        0.0000000000000000        0.0000000000000000     
           5           5           5           5   1.2000000000000000       0.97999999999999998       0.94999999999999996     
           5           5           5           5   1.2000000000000000       0.98999999999999999       0.97499999999999998     
           0           0           0           0   0.0000000000000000        0.0000000000000000        0.0000000000000000     
           5           5           5           5   1.2000000000000000       0.97999999999999998       0.94999999999999996     
           0           0           0           0   0.0000000000000000        0.0000000000000000        0.0000000000000000     
           5           5           5           5   1.2000000000000000       0.97999999999999998       0.94999999999999996     
           5           5           5           5   1.2000000000000000       0.98999999999999999       0.97499999999999998     
           0           0           0           0   0.0000000000000000        0.0000000000000000        0.0000000000000000     
           5           5           5           5   1.2000000000000000       0.97999999999999998       0.94999999999999996     
           0           0           0           0   0.0000000000000000        0.0000000000000000        0.0000000000000000     
           5           5           5           5   1.2000000000000000       0.97999999999999998       0.94999999999999996     
           5           5           5           5   1.2000000000000000       0.98999999999999999       0.97499999999999998     
           0           0           0           0   0.0000000000000000        0.0000000000000000        0.0000000000000000     
           5           5           5           5   1.2000000000000000       0.97999999999999998       0.94999999999999996     
           0           0           0           0   0.0000000000000000        0.0000000000000000        0.0000000000000000     
           5           5           5           5   1.2000000000000000       0.97999999999999998       0.94999999999999996     
           5           5           5           5   1.2000000000000000       0.98999999999999999       0.97499999999999998     
           0           0           0           0   0.0000000000000000        0.0000000000000000        0.0000000000000000     
           5           5           5           5   1.2000000000000000       0.97999999999999998       0.94999999999999996     
           5           5           5           5   1.2000000000000000       0.97999999999999998       0.94999999999999996     
           0           0           0           0   0.0000000000000000        0.0000000000000000        0.0000000000000000     
           5           5           5           5   1.2000000000000000       0.97999999999999998       0.94999999999999996     
           5           5           5           5   1.2000000000000000       0.97999999999999998       0.94999999999999996     
           0           0           0           0   0.0000000000000000        0.0000000000000000        0.0000000000000000     
           5           5           5           5   1.2000000000000000       0.97999999999999998       0.94999999999999996     
           5           5           5           5   1.2000000000000000       0.98999999999999999       0.97499999999999998     
           0           0           0           0   0.0000000000000000        0.0000000000000000        0.0000000000000000     
           5           5           5           5   1.2000000000000000       0.97999999999999998       0.94999999999999996     
           0           0           0           0   0.0000000000000000        0.0000000000000000        0.0000000000000000     
           5           5           5           5   1.2000000000000000       0.97999999999999998       0.94999999999999996     
           5           5           5           5   1.2000000000000000       0.98999999999999999       0.97499999999999998     
           0           0           0           0   0.0000000000000000        0.0000000000000000        0.0000000000000000     
           5           5           5           5   1.2000000000000000       0.97999999999999998       0.94999999999999996     
           0           0           0           0   0.0000000000000000        0.0000000000000000        0.0000000000000000     
           5           5           5           5   1.2000000000000000       0.97999999999999998       0.94999999999999996     
           5           5           5           5   1.2000000000000000       0.98999999999999999       0.97499999999999998     
           0           0           0           0   0.0000000000000000        0.0000000000000000        0.0000000000000000     
           5           5           5           5   1.2000000000000000       0.97999999999999998       0.94999999999999996     
           0           0           0           0   0.0000000000000000        0.0000000000000000        0.0000000000000000     
           5           5           5           5   1.2000000000000000       0.97999999999999998       0.94999999999999996     
           5           5           5           5   1.2000000000000000       0.97999999999999998       0.94999999999999996     
           0           0           0           0   0.0000000000000000        0.0000000000000000        0.0000000000000000     
           5           5           5           5   1.2000000000000000       0.97999999999999998       0.94999999999999996     
           5           5           5           5   1.2000000000000000       0.98999999999999999       0.97499999999999998     
           0           0           0           0   0.0000000000000000        0.0000000000000000        0.0000000000000000     
           5           5           5           5   1.2000000000000000       0.97999999999999998       0.94999999999999996     
           0           0           0           0   0.0000000000000000        0.0000000000000000        0.0000000000000000     
           5           5           5           5   1.2000000000000000       0.97999999999999998       0.94999999999999996     
           5           5           5           5   1.2000000000000000       0.98999999999999999       0.97499999999999998     
           0           0           0           0   0.0000000000000000        0.0000000000000000        0.0000000000000000     
           5           5           5           5   1.2000000000000000       0.97999999999999998       0.94999999999999996     
           0           0           0           0   0.0000000000000000        0.0000000000000000        0.0000000000000000     
           5           5           5           5   1.2000000000000000       0.97999999999999998       0.94999999999999996     
           5           5           5           5   1.2000000000000000       0.98999999999999999       0.97499999999999998     
           0           0           0           0   0.0000000000000000        0.0000000000000000        0.0000000000000000     
           5           5           5           5   1.2000000000000000       0.97999999999999998       0.94999999999999996     
           0           0           0           0   0.0000000000000000        0.0000000000000000        0.0000000000000000     
           5           5           5           5   1.2000000000000000       0.97999999999999998       0.94999999999999996     
           5           5           5           5   1.2000000000000000       0.98999999999999999       0.97499999999999998     
           0           0           0           0   0.0000000000000000        0.0000000000000000        0.0000000000000000     
           5           5           5           5   1.2000000000000000       0.97999999999999998       0.94999999999999996     
           0           0           0           0   0.0000000000000000        0.0000000000000000        0.0000000000000000     
           5           5           5           5   1.2000000000000000       0.97999999999999998       0.94999999999999996     
           5           5           5           5   1.2000000000000000       0.98999999999999999       0.97499999999999998     
           0           0           0           0   0.0000000000000000        0.0000000000000000        0.0000000000000000     
           5           5           5           5   1.2000000000000000       0.97999999999999998       0.94999999999999996     
           0           0           0           0   0.0000000000000000        0.0000000000000000        0.0000000000000000     
           5           5           5           5   1.2000000000000000       0.97999999999999998       0.94999999999999996     
           5           5           5           5   1.2000000000000000       0.98999999999999999       0.97499999999999998     
           0           0           0           0   0.0000000000000000        0.0000000000000000        0.0000000000000000     
           5           5           5           5   1.2000000000000000       0.97999999999999998       0.94999999999999996     
           0           0           0           0   0.0000000000000000        0.0000000000000000        0.0000000000000000     
           5           5           5           5   1.2000000000000000       0.97999999999999998       0.94999999999999996     
           5           5           5           5   1.2000000000000000       0.98999999999999999       0.97499999999999998     
           0           0           0           0   0.0000000000000000        0.0000000000000000        0.0000000000000000     
           5           5           5           5   1.2000000000000000       0.97999999999999998       0.94999999999999996     
           0           0           0           0   0.0000000000000000        0.0000000000000000        0.0000000000000000     
           5           5           5           5   1.2000000000000000       0.97999999999999998       0.94999999999999996     
           0           0           0           0   0.0000000000000000        0.0000000000000000        0.0000000000000000     
           5           5           5           5   1.2000000000000000       0.97999999999999998       0.94999999999999996     
           5           5           5           5   1.2000000000000000       0.98999999999999999       0.97499999999999998     
           0           0           0           0   0.0000000000000000        0.0000000000000000        0.0000000000000000     
           5           5           5           5   1.2000000000000000       0.97999999999999998       0.94999999999999996     
           5           5           5           5   1.2000000000000000       0.98999999999999999       0.97499999999999998     
           0           0           0           0   0.0000000000000000        0.0000000000000000        0.0000000000000000     
           5           5           5           5   1.2000000000000000       0.97999999999999998       0.94999999999999996     
           5           5           5           5   1.2000000000000000       0.98999999999999999       0.97499999999999998     
           0           0           0           0   0.0000000000000000        0.0000000000000000        0.0000000000000000     
           5           5           5           5   1.5000000000000000       0.97999999999999998       0.94999999999999996     
           0           0           0           0   0.0000000000000000        0.0000000000000000        0.0000000000000000     
           5           5           5           5   1.5000000000000000       0.97999999999999998       0.94999999999999996     
           5           5           5           5   1.5000000000000000       0.98999999999999999       0.97499999999999998     
           0           0           0           0   0.0000000000000000        0.0000000000000000        0.0000000000000000     
           5           5           5           5   1.5000000000000000       0.97999999999999998       0.94999999999999996     
           0           0           0           0   0.0000000000000000        0.0000000000000000        0.0000000000000000     
           5           5           5           5   1.5000000000000000       0.97999999999999998       0.94999999999999996     
           5           5           5           5   1.5000000000000000       0.98999999999999999       0.97499999999999998     
           0           0           0           0   0.0000000000000000        0.0000000000000000        0.0000000000000000     
           7           8           7           8   1.0000000000000000       0.97999999999999998       0.94999999999999996     
           7           8           7           8   1.0000000000000000       0.98999999999999999       0.97499999999999998     
           0           0           0           0   0.0000000000000000        0.0000000000000000        0.0000000000000000     
          29          29          28          28   1.0000000000000000        2.9399999999999999E-002   2.9399999999999999E-002
           9           9           9           9   1.0000000000000000        2.9399999999999999E-002   2.9399999999999999E-002
           0           0           0           0   0.0000000000000000        0.0000000000000000        0.0000000000000000     
